       3041
       3104
       3136
       3128
       3097
       1105
       3155
       1163
       3139
       3063
       1023
       5743
       1166
       3124
       1165
       1054
       3067
       3645
       1059
       3171
       1039
       1087
       3153
       3166
       3129
       3123
       3078
       1083
       1012
       1101
       3142
       3126
       3062
       1161
       5778
       3653
       1160
       3071
       1069
       1162
       5742
       1029
       1130
       1095
       1115
       3195
       1120
       1116
       3053
       1081
       3145
       5831
       1109
       3135
       3113
       1080
       3143
       3130
       1086
       3161
       1190
       3125
       1139
       3134
       1137
       3001
       3186
       3034
       1188
       3000
       1075
       3066
       1079
       3740
       3111
       1153
       1151
       3144
       3635
       1056
       3156
       1118
       3105
       1110
       1001
       1031
       1152
       1200
       1158
       3159
       1117
       1199
       1004
       1156
       3054
       3131
       1061
       3065
       3106
       3638
       1155
       3031
       1126
       1111
       1150
       3055
       1000
       1125
       1007
       1211
       3045
       3133
       1060
       3654
       3152
       3064
       3122
       3178
       5811
       3170
       3141
       1107
       1047
       1041
       3005
       1020
       3120
       1121
       3037
       3127
       3082
       3096
       1154
       3050
       1157
       3049
       1159
       1038
       1042
       3043
       3051
       1164
       3132
       3088
       3006
       3172
       3103
       3197
       3190
       5752
       3160
       3110
       3024
       3020
       1185
       1064
       3089
       3080
       3039
       1057
       3649
       1171
       3639
       3149
       1032
       3189
       3047
       3016
       3044
       1202
       3656
       1085
       3079
       3647
       1189
       1140
       1169
       1183
       3094
       3165
       1170
       5795
       1168
       1174
       1132
       3115
       3046
       3052
       3114
       1167
       3642
       3140
       3007
       1203
       3014
       3108
       5806
       1072
       3090
       3137
       3164
       3017
       3023
       3035
       3739
       5839
       3146
       3074
       5854
       1201
       1212
       3646
       1045
       3148
       1076
       3086
       5832
       1172
       1173
       1040
       3655
       1019
       3198
       3002
       1141
       1027
       3107
       1033
       1204
       3119
       3118
       1186
       3116
       3177
       3117
       1025
       1013
       1022
       1035
       3069
       3085
       1043
       3737
       3032
       1067
       3003
       3102
       3004
       3022
       5833
       1175
       3091
       1052
       3659
       3056
       1017
       1016
       1177
       5789
       3644
       3738
       3176
       3660
       1003
       3162
       3030
       3184
       3081
       3138
       3636
       3021
       1176
       3061
       5790
       1014
       3179
       3076
       3077
       3068
       3173
       3073
       1178
       3100
       3101
       3084
       5878
       3095
       3083
       3185
       3099
       3058
       1065
       3036
       3168
       3640
       1062
       3033
       1026
       3150
       3018
       3157
       1071
       3658
       1046
       3015
       1034
       1028
       3181
       5753
       1123
       3154
       3093
       1138
       3092
       1147
       3028
       1078
       3196
       1179
       3112
       3026
       1187
       3048
       3029
       1146
       1145
       1122
       1148
       3657
       1149
       1094
       3087
       3027
       1049
       3075
       3194
       3637
       1102
       1136
       1050
       3012
       3650
       1084
       3013
       5708
       1089
       1144
       3010
       3151
       1097
       3011
       3009
       5726
       1070
       1135
       1030
       1008
       1009
       1048
       3183
       3121
       1068
       3038
       3060
       3147
       1011
       1100
       5776
       3169
       3042
       3661
       1093
       3070
       3040
       1036
       1106
       3199
       3651
       3167
       3019
       1119
       1113
       1206
       3158
       1112
       1208
       3098
       5853
       1205
       3008
       5838
       1192
       1207
       1015
       5777
       1104
       3057
       3652
       1181
       3109
       3188
       3025
       3059
       3072
       1018
       3163
       1077
       5834
       1143
       3191
